62593 Antonio 12345 1289865504213756 542965396084660554 0
53294 Antonio 12345 3613736964328107 542965976184625694 0
89972 Antonio 12345 1200791989129353 542965942686971495 0
34712 Antonio 12345 7895394045791406 542965137751394581 0
64493 Antonio 12345 3069974044233765 542965897887832290 0
68941 Anronio 12345 4250718585888028 542965615244697033 0
47544 Antonio 12345 9227671339142017 542965708515240045 0
11641 Antonio 12345 2622935636571846 542965162831847764 249.0
18905 Tonito 1245 3445458176180286 542965609220971192 400.0
40124 antonio 5555 3009424726425649 542965629074651763 560.0
15395 Adan 12345 4428496260499605 542965769388557511 0
